0 0.51953125 0.75390625 0.0296875 0.01875
0 0.5421875 0.696875 0.01796875 0.0078125
0 0.5359375 0.68515625 0.01953125 0.009375
0 0.53984375 0.6734375 0.0171875 0.00546875
0 0.5359375 0.7078125 0.0140625 0.0078125
0 0.515625 0.72734375 0.0328125 0.01015625
0 0.51953125 0.6734375 0.0109375 0.00390625
0 0.60234375 0.7515625 0.021875 0.00703125
0 0.553125 0.77265625 0.04453125 0.00703125
0 0.503125 0.67265625 0.0078125 0.003125
0 0.571875 0.81875 0.01796875 0.01171875
0 0.54375 0.87109375 0.040625 0.01796875