0 0.40078125 0.83515625 0.08046875 0.04140625
0 0.41796875 0.76953125 0.04609375 0.01875
0 0.446875 0.6578125 0.0609375 0.0265625
0 0.46875 0.5859375 0.01171875 0.00703125
0 0.5015625 0.5625 0.00625 0.00703125
0 0.5046875 0.56953125 0.01484375 0.003125
0 0.4953125 0.5765625 0.00859375 0.0078125
0 0.49765625 0.5828125 0.00703125 0.00234375
0 0.47578125 0.5703125 0.00546875 0.0078125
0 0.4859375 0.584375 0.00625 0.0109375
0 0.46171875 0.5984375 0.009375 0.01015625
0 0.4765625 0.58125 0.00625 0.0078125
0 0.5078125 0.54765625 0.00703125 0.00625
0 0.49765625 0.5515625 0.0046875 0.00703125