0 0.73046875 0.70625 0.059375 0.021875
0 0.690625 0.71640625 0.01328125 0.0140625
0 0.66640625 0.70703125 0.0078125 0.01171875
0 0.5484375 0.72578125 0.01171875 0.0109375
0 0.50234375 0.72421875 0.01484375 0.01171875
0 0.478125 0.715625 0.00703125 0.009375
0 0.45078125 0.7234375 0.0109375 0.009375
0 0.428125 0.71484375 0.00859375 0.00703125
0 0.37578125 0.71484375 0.01875 0.01484375
0 0.28671875 0.7125 0.0125 0.0078125
0 0.33046875 0.715625 0.0109375 0.00859375
0 0.7734375 0.6921875 0.00703125 0.00859375
0 0.85390625 0.678125 0.01796875 0.0171875