0 0.57265625 0.81484375 0.034375 0.0203125
0 0.52109375 0.79296875 0.03046875 0.00703125
0 0.521875 0.8125 0.01875 0.01015625
0 0.56328125 0.83828125 0.01171875 0.01328125
0 0.5953125 0.7265625 0.015625 0.00703125
0 0.61875 0.71640625 0.00625 0.0078125
0 0.628125 0.715625 0.009375 0.0078125
0 0.628125 0.73203125 0.009375 0.01015625
0 0.62421875 0.69609375 0.00703125 0.00703125
0 0.58828125 0.7140625 0.009375 0.00625
0 0.5515625 0.73359375 0.00703125 0.0046875
0 0.5296875 0.73828125 0.01015625 0.00546875
0 0.60078125 0.6765625 0.06953125 0.0109375
0 0.59296875 0.68515625 0.0171875 0.00546875
0 0.5828125 0.70234375 0.00546875 0.00234375
0 0.60234375 0.69296875 0.01484375 0.0046875
0 0.62578125 0.68671875 0.01015625 0.0046875
0 0.64921875 0.70703125 0.0171875 0.00234375
0 0.56015625 0.68515625 0.0046875 0.00234375