0 0.74453125 0.77265625 0.0328125 0.01953125
0 0.52734375 0.765625 0.03515625 0.01953125
0 0.571875 0.7796875 0.0171875 0.015625
0 0.5953125 0.75625 0.02578125 0.01171875
0 0.55625 0.8015625 0.02265625 0.01328125
0 0.57578125 0.88359375 0.0265625 0.01171875
0 0.55078125 0.83515625 0.01484375 0.0046875
0 0.56640625 0.85078125 0.01796875 0.0109375
0 0.53828125 0.6921875 0.0265625 0.009375
0 0.525 0.68671875 0.02421875 0.0109375
0 0.5140625 0.678125 0.01328125 0.009375
0 0.553125 0.66640625 0.01484375 0.009375
0 0.55 0.7484375 0.02265625 0.00625
0 0.58671875 0.71328125 0.0140625 0.0078125
0 0.58203125 0.69609375 0.015625 0.00625
0 0.4875 0.78984375 0.04140625 0.0203125