0 0.5265625 0.70078125 0.034375 0.0109375
0 0.59453125 0.73828125 0.028125 0.0140625
0 0.58984375 0.7125 0.0140625 0.0109375
0 0.6375 0.7390625 0.015625 0.0140625
0 0.51015625 0.81640625 0.0265625 0.015625
0 0.53046875 0.67109375 0.009375 0.0078125
0 0.51796875 0.6671875 0.0046875 0.0046875
0 0.521875 0.66484375 0.0046875 0.003125
0 0.52890625 0.66484375 0.003125 0.003125
0 0.51328125 0.65703125 0.0078125 0.003125
0 0.51015625 0.6859375 0.0078125 0.0046875
0 0.5515625 0.675 0.0125 0.00625
0 0.5671875 0.696875 0.0078125 0.0046875
0 0.61796875 0.81171875 0.053125 0.0171875
0 0.73828125 0.8078125 0.028125 0.0140625