0 0.5140625 0.7203125 0.03125 0.0046875
0 0.53984375 0.73046875 0.040625 0.00625
0 0.53046875 0.6828125 0.0171875 0.00625
0 0.5546875 0.6859375 0.01875 0.0046875
0 0.50859375 0.70234375 0.028125 0.00625
0 0.57734375 0.72109375 0.0203125 0.009375
0 0.5859375 0.74453125 0.0125 0.0078125
0 0.609375 0.74375 0.0203125 0.00625
0 0.6046875 0.78828125 0.015625 0.0109375
0 0.59296875 0.81875 0.01875 0.0109375
0 0.5484375 0.7546875 0.0125 0.0046875
0 0.525 0.77890625 0.0203125 0.0109375
0 0.540625 0.71796875 0.01875 0.0046875
0 0.584375 0.8 0.0125 0.0078125