0 0.50078125 0.69375 0.2875 0.065625
0 0.26953125 0.390625 0.4765625 0.04375
0 0.15625 0.55859375 0.30234375 0.07265625
0 0.4125 0.58828125 0.08046875 0.03203125
0 0.52890625 0.59609375 0.08984375 0.04453125
0 0.4828125 0.64921875 0.2 0.01875
0 0.45625 0.6203125 0.07421875 0.02265625
0 0.24296875 0.6359375 0.09375 0.03046875
0 0.18828125 0.678125 0.06875 0.03828125
0 0.94140625 0.82734375 0.1171875 0.05625
0 0.3234375 0.7828125 0.28125 0.07109375
0 0.178125 0.9109375 0.16875 0.0859375
0 0.78671875 0.8484375 0.0875 0.0375
0 0.83359375 0.934375 0.09375 0.0578125
0 0.675 0.37890625 0.08984375 0.02421875
0 0.9794708328124999 0.5968113203125001 0.9979166671874999 0.448009434375 0.8042395828125001 0.397700471875 0.4738041671875 0.4118714625 0.1008125 0.40407782968749995 0.0006791671875000001 0.41328891562500003 0.0006791671875000001 0.5011533015625 0.4124729171875 0.5117818390625 0.6152395828125 0.5330389156249999 0.8518020828124999 0.615943396875 0.9794708328124999 0.5968113203125001