0 0.1023583328125 0.463737028125 0.09123125 0.4908148578125 0.15020625 0.5059268875 0.2258708328125 0.4908148578125 0.2447958328125 0.4907488203125 0.30598749999999997 0.4920742921875 0.29374791718750004 0.4801096703125 0.22142083281249997 0.46562617968750003 0.1023583328125 0.463737028125
0 0.35160833281250004 0.546858490625 0.35049583281249996 0.524818396875 0.2581395828125 0.5191509437499999 0.22048958281250003 0.5221957546875 0.2670416671875 0.535523584375 0.2870708328125 0.5449693390625 0.35160833281250004 0.546858490625
0 0.5151791671875 0.6199033015625 0.54514375 0.62734551875 0.58416875 0.6432028296875 0.6008604171874999 0.626200471875 0.5663645828125 0.6148667453125001 0.5151791671875 0.6199033015625
0 0.3638479171875 0.731990565625 0.43283750000000004 0.7313620281250001 0.4250479171875 0.713729953125 0.39723125000000004 0.6841332546875 0.36607500000000004 0.700505896875 0.3293541671875 0.7149893875 0.3638479171875 0.731990565625
0 0.6354208328125 0.623413915625 0.6665104171875 0.6217924531250001 0.6231145828125 0.6047912734375 0.615325 0.6199033015625 0.6354208328125 0.623413915625
0 0.6631729171875 0.5802323109375 0.6475729171875 0.5821403296875001 0.6665104171875 0.5978643875 0.6887645828125 0.5978643875 0.6965541671875 0.587788915625 0.6631729171875 0.5802323109375
0 0.40279375 0.6154964625 0.4172604171875 0.6369056609375 0.4172604171875 0.63816509375 0.4684458328125 0.6293490562499999 0.46288125 0.608569575 0.41169583281250005 0.5934563671875 0.40279375 0.6154964625
0 0.41614791718750005 0.6784658015625 0.4083583328125 0.6564268875 0.3906291671875 0.6587912734375 0.3760895828125 0.6620943390625 0.3883291671875 0.6734292453124999 0.41614791718750005 0.6784658015625
0 0.9268875 0.61108844375 0.9357895828125 0.5934563671875 0.89684375 0.5739351421875 0.8454895828125 0.5821403296875001 0.8656874999999999 0.5947158015625 0.8712520828124999 0.61108844375 0.9268875 0.61108844375
0 0.925775 0.635016509375 0.8712520828124999 0.6117181609375 0.8145020828125 0.598494103125 0.7755583328125 0.5934563671875 0.7812541671875 0.6037606125 0.80115 0.6299787734375 0.8501104171874999 0.641943396875 0.9012958328125 0.6438325468749999 0.925775 0.635016509375
0 0.7533020828125 0.550007075 0.8044874999999999 0.533634434375 0.7900229171875 0.513483490625 0.7477395828125 0.5185212265625 0.7533020828125 0.550007075
0 0.9491416671874999 0.5594528296875 0.9168729171875001 0.5506367921875001 0.8567875 0.535523584375 0.8300812499999999 0.538042453125 0.8211791671875 0.562601415625 0.83230625 0.5575636796875 0.8768145828125 0.5613408015625 0.9491416671874999 0.5594528296875
0 0.47581875 0.49370754687499996 0.49733958281249996 0.49496698125 0.53185 0.49685731093749996 0.5492895828125001 0.49097759375 0.5248 0.488667453125 0.4863229171875 0.4851367921875 0.46580000000000005 0.4838372640625 0.4528125 0.488667453125 0.47581875 0.49370754687499996
0 0.6284479171874999 0.5171332546875 0.62343125 0.511891509375 0.6149416671875 0.5103632078125 0.6106958328125 0.514075471875 0.6180291671875 0.5173514156250001 0.6284479171874999 0.5171332546875
0 0.6589354171874999 0.5101450468750001 0.6490791671875 0.5110176890625 0.6516020828125 0.517788915625 0.6624083328125 0.515167453125 0.6589354171874999 0.5101450468750001
0 0.6743708328125 0.5201910375 0.6846020828125 0.517494103125 0.67823125 0.513420990625 0.6701270828125 0.5147311328125 0.6743708328125 0.5201910375
0 0.6701270828125 0.45227122656249996 0.66279375 0.4546733484375 0.6681979171875 0.4577311328125 0.6731625 0.46125825468750004 0.6836333328124999 0.4607877359375 0.6805458328125 0.45379952812499996 0.6701270828125 0.45227122656249996
0 0.6608645828124999 0.46056957499999995 0.65083125 0.462535378125 0.6527604171875 0.46821344375 0.6653354171875 0.46807547187500004 0.6681979171875 0.4669033015625 0.6693541671875 0.4601332546875 0.6608645828124999 0.46056957499999995
0 0.6392541671874999 0.4566391515625 0.63115 0.45904127343749995 0.6299916671875 0.46755778281250004 0.6424541671874999 0.46875707499999997 0.6446562499999999 0.4653738203125 0.6473583328125 0.46187971718750004 0.6392541671874999 0.4566391515625
0 0.6469729171874999 0.45227122656249996 0.6500604171875 0.457075471875 0.6593145828125 0.4568278296875 0.6674249999999999 0.45685731093750004 0.6554625 0.4507417453125 0.6469729171874999 0.45227122656249996
0 0.9840312499999999 0.4658867921875 0.9979166671874999 0.4741851421875 0.9979166671874999 0.45758726406249994 0.9940645828125 0.4468867921875 0.9647354171875 0.44033490625000005 0.9635770828125001 0.45038089687499994 0.9720666671875 0.461082546875 0.9840312499999999 0.4658867921875
0 0.9377208328125001 0.4853231125 0.9539291671875001 0.488380896875 0.9577875 0.4920931609375 0.9508416671875001 0.49405896250000003 0.9400375000000001 0.49405896250000003 0.9288458328125 0.49646108437500003 0.9365625 0.49973702812500004 0.95663125 0.5003926890625 0.9512270828125 0.5049787734375 0.958175 0.5089103781250001 0.9720666671875 0.5071627359375 0.9801708328125001 0.5104386796875 0.9751541671874999 0.514806603125 0.9759270828125001 0.519829009375 0.9859604171875 0.52485259375 0.9871187499999999 0.52922051875 0.9828729171875 0.5379563671875001 0.9975375 0.5338066031250001 0.9975375 0.5235424531249999 0.9979166671874999 0.5025766515625001 0.9979166671874999 0.4741851421875 0.9751541671874999 0.47396698125 0.9523854171874999 0.47222051875000004 0.9222854171874999 0.477242925 0.9261437499999999 0.48073702812499997 0.9300020828125 0.48335849062499997 0.9377208328125001 0.4853231125
0 0.9508416671875001 0.5283466984375 0.93146875 0.5239693390625 0.9319333328124999 0.5296568390624999 0.9485270828125 0.53140448125 0.9508416671875001 0.5283466984375
0 0.9689791671875 0.52703655625 0.9597187500000001 0.522012971875 0.94591875 0.5215837265625 0.9458249999999999 0.5237606125000001 0.9585604171875 0.527910378125 0.9689791671875 0.52703655625