0 0.1140625 0.83828125 0.228125 0.0984375
0 0.65390625 0.85078125 0.140625 0.05
0 0.58046875 0.55703125 0.071875 0.01796875
0 0.6171875 0.57109375 0.15078125 0.015625
0 0.6640625 0.546875 0.07265625 0.0203125
0 0.4078125 0.55078125 0.10703125 0.03125
0 0.5453125 0.53203125 0.1015625 0.01484375
0 0.0765625 0.565625 0.07421875 0.02734375
0 0.52734375 0.69609375 0.090625 0.0328125
0 0.59609375 0.515625 0.06796875 0.01953125
0 0.6828125 0.49765625 0.0734375 0.015625
0 0.8578125 0.53671875 0.0640625 0.01796875
0 0.5015625 0.54765625 0.03984375 0.01796875
0 0.96328125 0.53515625 0.0703125 0.01953125
0 0.50546875 0.45234375 0.125 0.0203125
0 0.40703125 0.4890625 0.08515625 0.01953125
0 0.38359375 0.4609375 0.053125 0.015625
0 0.50546875 0.46953125 0.05234375 0.01328125
0 0.73984375 0.440625 0.115625 0.01953125
0 0.81484375 0.4984375 0.09375 0.02421875
0 0.91328125 0.49921875 0.0765625 0.0203125
0 0.875 0.4546875 0.0578125 0.021875