0 0.675 0.8890625 0.178125 0.09453125
0 0.49453125 0.875 0.10859375 0.0515625
0 0.44921875 0.928125 0.15390625 0.08203125
0 0.9359375 0.95078125 0.12734375 0.07578125
0 0.89765625 0.87421875 0.0765625 0.0703125
0 0.9078125 0.79453125 0.13359375 0.07734375
0 0.6546875 0.7328125 0.27890625 0.08671875
0 0.26328125 0.69296875 0.06796875 0.053125
0 0.58984375 0.48515625 0.059375 0.0234375
0 0.49453125 0.47421875 0.08203125 0.02734375
0 0.5203125 0.4234375 0.08203125 0.02421875
0 0.45 0.40390625 0.065625 0.02109375
0 0.60234375 0.32734375 0.053125 0.0453125
0 0.64140625 0.36640625 0.08515625 0.0484375
0 0.67265625 0.39765625 0.06328125 0.01953125
0 0.7296875 0.42421875 0.0890625 0.028125
0 0.77421875 0.475 0.10546875 0.05390625
0 0.58671875 0.45234375 0.04765625 0.01953125
0 0.65546875 0.44453125 0.0765625 0.01875
0 0.67578125 0.4671875 0.0796875 0.03515625
0 0.61796875 0.52890625 0.07421875 0.03125
0 0.74140625 0.56171875 0.09765625 0.04375
0 0.94609375 0.56328125 0.1078125 0.0421875
0 0.88828125 0.490625 0.09453125 0.0203125
0 0.8625 0.44375 0.0953125 0.03515625
0 0.8828125 0.625 0.11484375 0.05
0 0.609375 0.61171875 0.1453125 0.02578125
0 0.93046875 0.69609375 0.0734375 0.0453125
0 0.965625 0.6671875 0.06875 0.0296875
0 0.3390625 0.62890625 0.0484375 0.028125
0 0.359375 0.55546875 0.12578125 0.03515625
0 0.3640625 0.5234375 0.03515625 0.01796875
0 0.4015625 0.459375 0.03203125 0.01953125
0 0.953125 0.41484375 0.06796875 0.02421875
0 0.87265625 0.3875 0.053125 0.0328125
0 0.76953125 0.5328125 0.10703125 0.02734375
0 0.9546875 0.48125 0.08671875 0.03671875