0 0.16484375 0.77734375 0.315625 0.165625
0 0.70390625 0.52578125 0.3609375 0.075
0 0.8671875 0.8234375 0.1453125 0.0578125
0 0.31796875 0.46875 0.078125 0.0296875
0 0.19921875 0.47890625 0.11875 0.0234375
0 0.434375 0.46484375 0.046875 0.0265625
0 0.61796875 0.4265625 0.053125 0.0234375
0 0.71953125 0.42734375 0.084375 0.0234375
0 0.4671875 0.4203125 0.090625 0.021875
0 0.36328125 0.41796875 0.090625 0.0171875
0 0.59296875 0.46953125 0.1078125 0.01875
0 0.45859375 0.4390625 0.10625 0.0234375
0 0.7265625 0.46484375 0.140625 0.034375
0 0.86328125 0.45703125 0.153125 0.0484375
0 0.875 0.603125 0.1515625 0.034375
0 0.97578125 0.49765625 0.0484375 0.0265625
0 0.8203125 0.39921875 0.1109375 0.0203125
0 0.934375 0.3171875 0.125 0.0421875
0 0.665625 0.34609375 0.1296875 0.040625
0 0.5828125 0.23359375 0.071875 0.021875
0 0.3375 0.275 0.1078125 0.015625
0 0.046875 0.309375 0.040625 0.0125
0 0.359375 0.3390625 0.09375 0.0296875
0 0.5484375 0.36796875 0.071875 0.0109375
0 0.49296875 0.3875 0.0640625 0.0203125
0 0.37421875 0.38046875 0.071875 0.015625
0 0.44765625 0.38984375 0.040625 0.025
0 0.60625 0.39453125 0.0515625 0.0203125
0 0.50078125 0.34375 0.1015625 0.015625
0 0.478125 0.29609375 0.1390625 0.0203125
0 0.09609375 0.49375 0.09375 0.0265625
0 0.959375 0.553125 0.0703125 0.025
0 0.6234375 0.22578125 0.1671875 0.0171875
0 0.50703125 0.19453125 0.0859375 0.015625