0 0.3449333328125 0.4845176890625 0.3582854171875 0.4731827828125 0.40279375 0.4347712265625 0.42282291718750004 0.412101415625 0.4439645828125 0.39320990624999996 0.47178333281249996 0.375579009375 0.5107291671875 0.3636143875 0.5530125 0.3428337265625 0.5641395828125 0.32394339687499996 0.52630625 0.32016509375 0.49292499999999995 0.3233136796875 0.4250479171875 0.32583254687499996 0.39611874999999996 0.342204009375 0.3927791671875 0.3459823109375 0.3894416671875 0.357946934375 0.3927791671875 0.3661332546875 0.37942708281250004 0.36991155625 0.3527208328125 0.3812464625 0.3571729171875 0.3900625 0.3638479171875 0.413990565625 0.3326916671875 0.4448466984375 0.30710000000000004 0.46436674531250005 0.3026479171875 0.4908148578125 0.2904083328125 0.517891509375 0.28150624999999996 0.55252594375 0.3460458328125 0.51033490625 0.34270625 0.5115943390625 0.33491875000000004 0.49837146250000003 0.3449333328125 0.4845176890625
0 0.676525 0.32268396250000003 0.6743 0.30442217031249996 0.5908458328124999 0.29812500000000003 0.6253395828125 0.3069410375 0.6542708328125 0.3176462265625 0.58305625 0.315757075 0.5798645828125 0.330568396875 0.6086479171875 0.3352783015625 0.64648125 0.33590801875 0.676525 0.32268396250000003
0 0.7955875 0.39509905624999997 0.8222916671875 0.39509905624999997 0.82785625 0.386913915625 0.7922479171875 0.375579009375 0.7622041671875001 0.3673926890625 0.7521895828125 0.355428065625 0.7455145828124999 0.34724174531249996 0.7321604171875 0.3396851421875 0.6832020828125 0.33842570781250003 0.6709604171875 0.34724174531249996 0.6822958328125 0.3590672171875 0.7165833328125 0.3730601421875 0.7521895828125 0.38439504687500003 0.76999375 0.39509905624999997 0.7955875 0.39509905624999997
0 0.7788958328125 0.3315 0.8189541671875 0.33087028281249997 0.8222916671875 0.31827594375 0.7967 0.3050518875 0.7722187500000001 0.30442217031249996 0.7534770828124999 0.31484551875 0.7355 0.3163867921875 0.7577541671875 0.328351415625 0.7788958328125 0.3315
0 0.5774916671875 0.7836273578124999 0.6220020828124999 0.7685141515625 0.6598333328125 0.750882075 0.6832020828125 0.7345094343749999 0.6776375 0.7086922171875 0.6553833328125 0.686652121875 0.6131 0.677207546875 0.5786041671875 0.6816143875 0.5641395828125 0.6916898578125 0.5307583328125001 0.6916898578125 0.52630625 0.684762971875 0.49515000000000003 0.68602240625 0.4840229171875 0.7143596703124999 0.5296458328125 0.7502523578125 0.5474479171875 0.7704033015625 0.5774916671875 0.7836273578124999
0 0.5608020828125 0.6079398578124999 0.5118416671875 0.5934563671875 0.5062770828125001 0.61108844375 0.4918125 0.61108844375 0.52296875 0.6211627359375 0.5608020828125 0.6079398578124999
0 0.37831458281249997 0.6230518875 0.41493541718750004 0.6283278296875 0.4684458328125 0.619273584375 0.40390625 0.6104587265625 0.37831458281249997 0.6230518875
0 0 0.66965094375 0.037820832812499997 0.659575471875 0.08121666718750001 0.6343867921874999 0.1168229171875 0.6173856125 0.1401916671875 0.6047912734375 0.1769104171875 0.60416155625 0.21474375 0.5903077828125001 0.2091791671875 0.5840106125 0.1591083328125 0.5871591984375 0.09345624999999999 0.573305425 0.0623 0.587788915625 0.03225625 0.6029021218749999 0.0522854171875 0.6249410375 0 0.6425731125 0 0.66965094375
0 0.2826208328125 0.578972878125 0.2570270828125 0.5783431609374999 0.2395875 0.5860719343749999 0.2269833328125 0.589678065625 0.2670416671875 0.598494103125 0.2826208328125 0.578972878125
0 0.27816874999999996 0.7351403296875 0.27951875 0.7177535374999999 0.22475833281250002 0.72128655625 0.21251875 0.7357688671875 0.27816874999999996 0.7351403296875
0 0.29861458281250003 0.6617393875 0.2848458328125 0.6602051890625 0.28929583281250004 0.6822441031250001 0.29861458281250003 0.6617393875
0 0.7299354171875 0.6432028296875 0.6698479171875 0.6362759437500001 0.6954416671875 0.6532783015625 0.7552125000000001 0.6597747640625 0.76888125 0.6532783015625 0.76888125 0.64509198125 0.7299354171875 0.6432028296875
0 0.6119875 0.594086084375 0.5930708328125001 0.6129775937499999 0.6275645828124999 0.6180153296875 0.6423645828125 0.5998290093749999 0.6587208328124999 0.6016426890625 0.6409166671875 0.589678065625 0.6119875 0.594086084375
0 0.7743104171875 0.63127594375 0.7432875 0.623681603125 0.7444020828125 0.6287193390625 0.7743104171875 0.63127594375
0 0.9324520828124999 0.6400542453125 0.9803000000000001 0.6406839625 0.9979166671874999 0.6356462265625 0.9791854171875001 0.6268301890625 0.9480291671875 0.623681603125 0.9113104171874999 0.6211627359375 0.88715625 0.6302936328125 0.8779291671875 0.6362759437500001 0.8935062500000001 0.6356462265625 0.9324520828124999 0.6400542453125
0 0.5007145828125 0.8151120281249999 0.52296875 0.810704009375 0.5240812499999999 0.7968502359375 0.5007145828125 0.7722924531250001 0.45954375000000003 0.788663915625 0.4751208328125 0.8025176890625 0.5007145828125 0.8151120281249999
0 0 0.7899233484375 0.05451041718750001 0.7716627359375 0.0845318390625 0.7656664359375001 0.0166791671875 0.748992925 0 0.769773584375 0 0.7899233484375
0 0.8489979171875 0.5298561328125 0.8712520828124999 0.5078160375 0.864575 0.510964621875 0.8445458328125 0.516632075 0.803375 0.51222405625 0.7900229171875 0.513483490625 0.8289687499999999 0.5330047171875 0.8489979171875 0.5298561328125
0 0.8289687499999999 0.47947995312499997 0.8467729171875 0.46940448124999995 0.8423208328125 0.46184787812500006 0.7968791671875 0.466181603125 0.77444375 0.48136910312500003 0.8000375 0.48388797187500004 0.8289687499999999 0.47947995312499997