0 0.62890625 0.490625 0.16484375 0.04375
0 0.90703125 0.79765625 0.17421875 0.07734375
0 0.928125 0.4078125 0.12734375 0.0578125
0 0.75546875 0.27578125 0.1671875 0.0296875
0 0.46484375 0.2875 0.20546875 0.02890625
0 0.67890625 0.2453125 0.09765625 0.01953125
0 0.82109375 0.2375 0.06875 0.0234375
0 0.875 0.1921875 0.134375 0.01640625
0 0.97265625 0.35703125 0.0546875 0.02109375
0 0.23828125 0.3984375 0.1125 0.06875
0 0.68359375 0.3484375 0.15859375 0.025
0 0.42265625 0.25703125 0.1203125 0.0265625