0 0.525 0.5640625 0.11796875 0.03671875
0 0.50703125 0.478125 0.1234375 0.03046875
0 0.46640625 0.44609375 0.0625 0.034375
0 0.4640625 0.41328125 0.05234375 0.03046875
0 0.3984375 0.3515625 0.1140625 0.02734375
0 0.51796875 0.34375 0.09375 0.02109375
0 0.90078125 0.5234375 0.17734375 0.05703125
0 0.86015625 0.4796875 0.090625 0.02421875
0 0.8109375 0.45859375 0.0859375 0.0234375
0 0.903125 0.43828125 0.13984375 0.04453125
0 0.7609375 0.425 0.0640625 0.0265625
0 0.828125 0.4015625 0.11953125 0.025
0 0.85390625 0.384375 0.0828125 0.03125
0 0.65859375 0.39375 0.04609375 0.01875
0 0.66328125 0.340625 0.1125 0.01796875
0 0.68203125 0.32265625 0.08359375 0.0203125
0 0.50546875 0.28828125 0.1046875 0.01640625
0 0.51484375 0.50859375 0.11328125 0.0265625
0 0.54921875 0.24765625 0.15 0.0140625
0 0.65 0.26484375 0.1078125 0.0171875
0 0.72578125 0.3625 0.08671875 0.01796875
0 0.96171875 0.3859375 0.06328125 0.0203125