0 0.8890625 0.8703125 0.221875 0.2453125
0 0.59765625 0.7375 0.1484375 0.109375
0 0.59609375 0.896875 0.0625 0.1578125
0 0.74921875 0.6046875 0.20625 0.075
0 0.5921875 0.3578125 0.1859375 0.03125
0 0.58671875 0.31875 0.090625 0.0296875
0 0.171875 0.23046875 0.203125 0.034375
0 0.10625 0.44140625 0.1671875 0.1203125
0 0.496875 0.41015625 0.0671875 0.0390625
0 0.76015625 0.496875 0.0609375 0.0640625
0 0.66953125 0.51328125 0.046875 0.075
0 0.5875 0.5890625 0.090625 0.03125
0 0.63671875 0.40390625 0.0703125 0.0234375
0 0.68125 0.43671875 0.128125 0.0296875
0 0.096875 0.70546875 0.0578125 0.04375