0 0.2359895828125 0.878117925 0.21971875000000002 0.8951238203124999 0.30608124999999997 0.9213408015625 0.3661625 0.8937063671875001 0.47630625000000004 0.884494103125 0.4713 0.866071934375 0.3962 0.84339740625 0.38243333281249997 0.8299339625 0.3123395828125 0.8405625000000001 0.2359895828125 0.878117925
0 0.91328125 0.80390625 0.1734375 0.16875
0 0.7234375 0.6140625 0.196875 0.0640625
0 0.87578125 0.678125 0.225 0.0421875
0 0.73515625 0.50625 0.25625 0.0453125
0 0.78125 0.55625 0.234375 0.075
0 0.74765625 0.46953125 0.240625 0.028125
0 0.665625 0.421875 0.184375 0.0421875
0 0.8875 0.4015625 0.1296875 0.028125
0 0.96953125 0.453125 0.0609375 0.046875
0 0.671875 0.38203125 0.25 0.0265625
0 0.33125 0.3421875 0.4234375 0.05625
0 0.0890625 0.30625 0.1671875 0.0640625
0 0.20390625 0.25078125 0.2359375 0.0203125
0 0.02890625 0.45 0.0578125 0.1390625
0 0.13046875 0.51328125 0.10625 0.021875
0 0.16171875 0.4 0.084375 0.0296875
0 0.1484375 0.44296875 0.13125 0.034375
0 0.2265625 0.46484375 0.0625 0.021875
0 0.20703125 0.48046875 0.0453125 0.01875
0 0.2703125 0.44140625 0.046875 0.028125
0 0.29375 0.40546875 0.078125 0.0265625
0 0.41953125 0.39921875 0.1359375 0.028125
0 0.37109375 0.45390625 0.1078125 0.053125
0 0.37890625 0.5078125 0.1234375 0.03125
0 0.4390625 0.54140625 0.1453125 0.0328125
0 0.4890625 0.6046875 0.1296875 0.0390625
0 0.08671875 0.5578125 0.0796875 0.03125
0 0.2953125 0.70703125 0.16875 0.0453125
0 0.04921875 0.83671875 0.0984375 0.0765625
0 0.165625 0.6171875 0.0859375 0.025
0 0.88125 0.3671875 0.0796875 0.0234375
0 0.653125 0.31796875 0.0515625 0.0703125
0 0.86796875 0.3296875 0.115625 0.025
0 0.91953125 0.23203125 0.1421875 0.028125
0 0.534375 0.46484375 0.084375 0.021875