0 0.675 0.8890625 0.178125 0.0953125
0 0.49453125 0.875 0.109375 0.0515625
0 0.44921875 0.928125 0.1546875 0.0828125
0 0.9359375 0.95078125 0.128125 0.0765625
0 0.89765625 0.87421875 0.0765625 0.0703125
0 0.9078125 0.79453125 0.134375 0.078125
0 0.6546875 0.7328125 0.2796875 0.0875
0 0.26328125 0.69296875 0.06875 0.053125
0 0.58984375 0.48515625 0.059375 0.0234375
0 0.49453125 0.47421875 0.0828125 0.028125
0 0.5203125 0.4234375 0.0828125 0.025
0 0.45 0.40390625 0.065625 0.021875
0 0.60234375 0.32734375 0.053125 0.0453125
0 0.64140625 0.36640625 0.0859375 0.0484375
0 0.67265625 0.39765625 0.0625 0.0203125
0 0.7296875 0.42421875 0.0890625 0.028125
0 0.77421875 0.475 0.10625 0.0546875
0 0.58671875 0.45234375 0.046875 0.0203125
0 0.65546875 0.44453125 0.0765625 0.01875
0 0.67578125 0.4671875 0.0796875 0.0359375
0 0.61796875 0.52890625 0.075 0.03125
0 0.74140625 0.56171875 0.0984375 0.04375
0 0.94609375 0.56328125 0.1078125 0.0421875
0 0.88828125 0.490625 0.0953125 0.0203125
0 0.8625 0.44375 0.0953125 0.0359375
0 0.8828125 0.625 0.115625 0.05
0 0.609375 0.61171875 0.1453125 0.0265625
0 0.93046875 0.69609375 0.0734375 0.0453125
0 0.965625 0.6671875 0.06875 0.0296875
0 0.3390625 0.62890625 0.0484375 0.028125
0 0.359375 0.55546875 0.1265625 0.0359375
0 0.3640625 0.5234375 0.0359375 0.01875
0 0.4015625 0.459375 0.0328125 0.0203125
0 0.953125 0.41484375 0.06875 0.025
0 0.87265625 0.3875 0.053125 0.0328125
0 0.76953125 0.5328125 0.1078125 0.028125
0 0.9546875 0.48125 0.0875 0.0375