0 0.40859375 0.55859375 0.121875 0.053125
0 0.58828125 0.609375 0.0796875 0.03125
0 0.5203125 0.51328125 0.0546875 0.025
0 0.55078125 0.4859375 0.0640625 0.0375
0 0.76484375 0.35 0.0671875 0.021875
0 0.728125 0.3140625 0.04375 0.0125
0 0.84921875 0.63671875 0.0953125 0.05625
0 0.93515625 0.62890625 0.04375 0.0578125
0 0.84375 0.89375 0.1203125 0.0609375
0 0.92109375 0.58203125 0.0609375 0.0265625
0 0.02734375 0.51484375 0.0546875 0.0390625
0 0.54765 0.1695377359375 0.4700479171875 0.16670400937500002 0.1996916671875 0.2396875 0 0.248898584375 0.01565 0.45704717031250003 0.1796666671875 0.4650153296875 0.4788104171875 0.30558490625 0.5801937500000001 0.214178065625 0.54765 0.1695377359375
0 0.69765625 0.225 0.046875 0.015625
0 0.825 0.425 0.0828125 0.08125
0 0.390625 0.45078125 0.1046875 0.0203125
0 0.3671875 0.4828125 0.1515625 0.0359375
0 0.515625 0.41796875 0.1203125 0.021875
0 0.69296875 0.64921875 0.1375 0.025