0 0.58359375 0.38671875 0.178125 0.0390625
0 0.12578125 0.47109375 0.13203125 0.04609375
0 0.50390625 0.4671875 0.18515625 0.034375
0 0.8046875 0.36640625 0.11953125 0.028125
0 0.8703125 0.34609375 0.23046875 0.028125
0 0.7859375 0.3953125 0.06171875 0.02734375
0 0.4375 0.334375 0.1046875 0.02265625
0 0.43671875 0.31640625 0.134375 0.021875
0 0.51953125 0.2953125 0.09609375 0.01328125
0 0.78671875 0.30625 0.09453125 0.0140625
0 0.9421875 0.2890625 0.0921875 0.01796875
0 0.51015625 0.3578125 0.1296875 0.02578125
0 0.5 0.4421875 0.10859375 0.01796875
0 0.5125 0.4171875 0.11328125 0.02265625
0 0.16640625 0.31328125 0.10390625 0.021875
0 0.1203125 0.51171875 0.1109375 0.0265625
0 0.58359375 0.55078125 0.06328125 0.025
0 0.5984375 0.296875 0.040625 0.01015625
0 0.78671875 0.2875 0.06796875 0.01796875