0 0.33671875 0.48828125 0.653125 0.08125
0 0.8640625 0.37265625 0.271875 0.0734375
0 0.8515625 0.728125 0.2859375 0.1171875
0 0.1546875 0.6171875 0.278125 0.0671875
0 0.590625 0.9390625 0.1765625 0.0765625
0 0.85390625 0.94375 0.2921875 0.06875
0 0.30703125 0.7265625 0.125 0.04375
0 0.225 0.84375 0.0859375 0.1453125
0 0.5578125 0.565625 0.1203125 0.0359375
0 0.87109375 0.28515625 0.2578125 0.0734375
0 0.50625 0.25859375 0.1109375 0.0328125
0 0.159375 0.35078125 0.1 0.03125
0 0.31796875 0.31640625 0.078125 0.0171875
0 0.49765625 0.2109375 0.084375 0.01875