0 0.5546875 0.84453125 0.04375 0.02421875
0 0.54296875 0.77421875 0.04921875 0.01171875
0 0.57265625 0.7234375 0.02734375 0.01328125
0 0.565625 0.74453125 0.0125 0.01015625
0 0.60546875 0.828125 0.0296875 0.01640625
0 0.58125 0.80703125 0.01796875 0.003125
0 0.54921875 0.734375 0.00859375 0.003125
0 0.56796875 0.70703125 0.025 0.00859375
0 0.590625 0.70703125 0.01171875 0.00625
0 0.57109375 0.6921875 0.025 0.00546875
0 0.53046875 0.71953125 0.009375 0.00703125
0 0.54609375 0.71640625 0.009375 0.00390625
0 0.546875 0.68984375 0.0125 0.00625
0 0.52734375 0.68828125 0.0078125 0.00390625
0 0.61171875 0.66484375 0.01015625 0.00390625