0 0.58359375 0.38671875 0.178125 0.0390625
0 0.12578125 0.47109375 0.13125 0.046875
0 0.50390625 0.4671875 0.1859375 0.034375
0 0.8046875 0.36640625 0.1203125 0.028125
0 0.8703125 0.34609375 0.23125 0.028125
0 0.7859375 0.3953125 0.0625 0.028125
0 0.4375 0.334375 0.1046875 0.0234375
0 0.43671875 0.31640625 0.134375 0.021875
0 0.51953125 0.2953125 0.096875 0.0140625
0 0.78671875 0.30625 0.0953125 0.0140625
0 0.9421875 0.2890625 0.0921875 0.01875
0 0.51015625 0.3578125 0.1296875 0.025
0 0.5 0.4421875 0.109375 0.01875
0 0.5125 0.4171875 0.1140625 0.0234375
0 0.16640625 0.31328125 0.1046875 0.021875
0 0.1203125 0.51171875 0.1109375 0.0265625
0 0.58359375 0.55078125 0.0640625 0.025
0 0.5984375 0.296875 0.040625 0.0109375
0 0.78671875 0.2875 0.0671875 0.0171875