0 0.83359375 0.5046875 0.17734375 0.0828125
0 0.77265625 0.45 0.0859375 0.0203125
0 0.31640625 0.69453125 0.1640625 0.03671875
0 0.9625 0.4515625 0.059375 0.02421875
0 0.934375 0.4296875 0.0609375 0.01640625
0 0.928125 0.4078125 0.08046875 0.02265625
0 0.7140625 0.35703125 0.06796875 0.02109375
0 0.8171875 0.371875 0.09765625 0.0125
0 0.696875 0.4296875 0.08671875 0.01640625
0 0.659375 0.41171875 0.04765625 0.02734375
0 0.74453125 0.39609375 0.0875 0.025
0 0.753125 0.41875 0.08984375 0.01484375
0 0.95234375 0.53125 0.05 0.021875
0 0.94609375 0.6265625 0.0796875 0.034375
0 0.6859375 0.48046875 0.09609375 0.0234375
0 0.6828125 0.56875 0.1 0.040625
0 0.68203125 0.53359375 0.07734375 0.02421875
0 0.44140625 0.55546875 0.175 0.03984375
0 0.47109375 0.48671875 0.15078125 0.06484375
0 0.84140625 0.4234375 0.06796875 0.01875