0 0.40859375 0.6265625 0.1921875 0.11796875
0 0.80078125 0.6375 0.24765625 0.08984375
0 0.49921875 0.47578125 0.21171875 0.053125
0 0.33203125 0.5234375 0.10078125 0.05
0 0.54140625 0.38125 0.10859375 0.01875
0 0.56328125 0.40625 0.06875 0.021875
0 0.69375 0.434375 0.13125 0.02890625
0 0.65546875 0.38828125 0.06171875 0.0125
0 0.37734375 0.37421875 0.040625 0.0109375
0 0.54453125 0.36171875 0.0484375 0.01328125
0 0.59921875 0.3671875 0.04765625 0.0203125
0 0.646875 0.36875 0.04375 0.02421875
0 0.5890625 0.34453125 0.0640625 0.01640625