0 0.8453125 0.72734375 0.309375 0.5328125
0 0.1828125 0.45703125 0.365625 0.0984375
0 0.23359375 0.3359375 0.165625 0.0234375
0 0.515625 0.37265625 0.06875 0.015625
0 0.55546875 0.38984375 0.0640625 0.015625
0 0.65625 0.403125 0.0984375 0.0234375
0 0.609375 0.38125 0.084375 0.0171875
0 0.63984375 0.3640625 0.1015625 0.0171875
0 0.25859375 0.3828125 0.2203125 0.04375
0 0.44921875 0.33125 0.0703125 0.015625
0 0.42734375 0.34375 0.084375 0.009375
0 0.575 0.29765625 0.1921875 0.0203125
0 0.67109375 0.3296875 0.2015625 0.01875
0 0.89921875 0.365625 0.1109375 0.0109375
0 0.41015625 0.30859375 0.0859375 0.0078125