0 0.74296875 0.6734375 0.5140625 0.1375
0 0.71875 0.89140625 0.24921875 0.12265625
0 0.72421875 0.5265625 0.3125 0.040625
0 0.61796875 0.4796875 0.11171875 0.03125
0 0.63359375 0.50625 0.14140625 0.0359375
0 0.7546875 0.4671875 0.15625 0.03203125
0 0.83203125 0.49296875 0.1015625 0.02734375
0 0.6921875 0.41875 0.24921875 0.04453125
0 0.58671875 0.378125 0.1890625 0.01953125
0 0.9640625 0.384375 0.06328125 0.03125
0 0.815625 0.3484375 0.06953125 0.02421875
0 0.6125 0.33515625 0.1 0.01484375
0 0.4609375 0.34453125 0.05234375 0.03125
0 0.54140625 0.34921875 0.0671875 0.0140625
0 0.22890625 0.38828125 0.0921875 0.02109375
0 0.33125 0.79453125 0.1046875 0.03515625
0 0.4828125 0.30390625 0.121875 0.04140625
0 0.6109375 0.2859375 0.065625 0.01484375
0 0.7296875 0.3203125 0.03671875 0.015625
0 0.796875 0.328125 0.07265625 0.0171875
0 0.74765625 0.2703125 0.11015625 0.0125