0 0.07578125 0.81328125 0.1515625 0.1171875
0 0.2609375 0.73203125 0.26640625 0.04609375
0 0.3515625 0.64921875 0.28125 0.11015625
0 0.7015625 0.5625 0.0703125 0.01953125
0 0.934375 0.515625 0.12421875 0.0375
0 0.77734375 0.4890625 0.04375 0.0140625
0 0.571875 0.5390625 0.0765625 0.01328125
0 0.56015625 0.51484375 0.0375 0.01796875
0 0.61875 0.59609375 0.10234375 0.02734375
0 0.7609375 0.59296875 0.11640625 0.0234375
0 0.65390625 0.53359375 0.06328125 0.0171875
0 0.734375 0.53671875 0.046875 0.0140625
0 0.6609375 0.50546875 0.040625 0.01484375
0 0.62265625 0.5609375 0.084375 0.02734375
0 0.77265625 0.634375 0.103125 0.02109375
0 0.86875 0.6140625 0.07109375 0.01640625
0 0.8296875 0.57734375 0.0765625 0.02265625
0 0.7625 0.56171875 0.05078125 0.02734375
0 0.81875 0.5515625 0.08046875 0.02421875
0 0.91484375 0.578125 0.08984375 0.0265625
0 0.93984375 0.61875 0.0671875 0.03125
0 0.91484375 0.45234375 0.09609375 0.02578125