0 0.56796875 0.634375 0.3234375 0.0984375
0 0.30390625 0.7671875 0.2015625 0.11875
0 0.53203125 0.78984375 0.21875 0.1234375
0 0.86484375 0.78046875 0.2296875 0.1015625
0 0.69375 0.521875 0.0859375 0.065625
0 0.5609375 0.53671875 0.159375 0.0359375
0 0.3453125 0.54453125 0.1921875 0.040625
0 0.85390625 0.54140625 0.125 0.0828125
0 0.91875 0.65234375 0.1625 0.0671875
0 0.53828125 0.49609375 0.1296875 0.0484375
0 0.61484375 0.4578125 0.1453125 0.0578125
0 0.5953125 0.39609375 0.05 0.046875
0 0.5484375 0.36171875 0.1015625 0.021875
0 0.5359375 0.34296875 0.103125 0.03125
0 0.48203125 0.44375 0.115625 0.0375
0 0.425 0.49296875 0.1 0.0546875
0 0.753125 0.43359375 0.1328125 0.0296875
0 0.87578125 0.396875 0.0796875 0.015625
0 0.94765625 0.3671875 0.084375 0.0125
0 0.284375 0.37265625 0.053125 0.0375
0 0.05703125 0.61484375 0.1046875 0.0484375
0 0.97421875 0.44296875 0.0484375 0.0171875
0 0.98125 0.46171875 0.0375 0.015625
0 0.66484375 0.37890625 0.0953125 0.028125
0 0.81796875 0.96328125 0.1359375 0.0546875