0 0.14609375 0.95078125 0.240625 0.0984375
0 0.065625 0.75546875 0.0796875 0.034375
0 0.19375 0.70546875 0.121875 0.03125
0 0.4171875 0.67109375 0.1109375 0.03125
0 0.45859375 0.57421875 0.171875 0.040625
0 0.72109375 0.78046875 0.1453125 0.0890625
0 0.953125 0.7171875 0.09375 0.0421875
0 0.70859375 0.63125 0.0640625 0.040625
0 0.78828125 0.50390625 0.05 0.0140625
0 0.9265625 0.48828125 0.046875 0.01875
0 0.315625 0.52421875 0.2921875 0.021875
0 0.5984375 0.50234375 0.103125 0.0125
0 0.73984375 0.4875 0.04375 0.0140625
0 0.75859375 0.46953125 0.034375 0.0109375
0 0.71796875 0.45 0.0703125 0.015625
0 0.89140625 0.4515625 0.0796875 0.0203125