0 0.3875 0.64296875 0.0875 0.04375
0 0.39453125 0.55 0.05625 0.0296875
0 0.42578125 0.52421875 0.04375 0.0203125
0 0.5234375 0.58125 0.0421875 0.03125
0 0.65 0.5984375 0.075 0.021875
0 0.74375 0.60390625 0.065625 0.0359375
0 0.5828125 0.65 0.0515625 0.0203125
0 0.546875 0.49921875 0.0578125 0.0171875
0 0.728125 0.65078125 0.0875 0.034375
0 0.74375 0.6796875 0.08125 0.0359375
0 0.6375 0.5375 0.0671875 0.0234375
0 0.65859375 0.5640625 0.0421875 0.0234375
0 0.72421875 0.5671875 0.0515625 0.0375
0 0.5734375 0.5703125 0.04375 0.0203125
0 0.56640625 0.60234375 0.040625 0.03125
0 0.44296875 0.7375 0.115625 0.01875
0 0.22109375 0.7453125 0.1046875 0.0484375
0 0.30390625 0.578125 0.0921875 0.0265625
0 0.565625 0.47734375 0.0546875 0.028125