0 0.3578125 0.56015625 0.0796875 0.0328125
0 0.41328125 0.62578125 0.0875 0.03125
0 0.4546875 0.58671875 0.040625 0.040625
0 0.57421875 0.603125 0.059375 0.0828125
0 0.70546875 0.59765625 0.0875 0.06875
0 0.68984375 0.4453125 0.05625 0.0359375
0 0.51953125 0.39765625 0.0921875 0.0421875
0 0.59609375 0.3359375 0.1609375 0.0328125
0 0.7921875 0.3578125 0.084375 0.0375
0 0.83828125 0.44765625 0.09375 0.0265625
0 0.91015625 0.6421875 0.0921875 0.0171875
0 0.47734375 0.74921875 0.153125 0.06875
0 0.16875 0.56328125 0.1671875 0.03125
0 0.3421875 0.49453125 0.0546875 0.021875