0 0.1847 0.5670082546875 0.2280958328125 0.601012971875 0.27594375000000004 0.630608490625 0.3015354171875 0.6683915093749999 0.26592916718750004 0.6916898578125 0.26036458281249997 0.7326202828125 0.2381104171875 0.7785896218749999 0.2036166671875 0.807555425 0.2592520828125 0.83652240625 0.33603125 0.8239280656249999 0.36829999999999996 0.8170011796875001 0.38276458281250003 0.7804787734375 0.40056875 0.75340094375 0.37275 0.6954681609375 0.3671875 0.6828738203125 0.40390625 0.6495 0.45954375000000003 0.6356462265625 0.5207437500000001 0.6091992921875 0.5975208328125 0.580862028125 0.5964083328124999 0.550007075 0.5040520828124999 0.5216698109375 0.4083583328125 0.5034091984375 0.32379166718749997 0.489555425 0.26389375 0.4809221703125 0.2592520828125 0.47885023593750004 0.25034999999999996 0.5235589625 0.1847 0.5670082546875
0 0.7444020828125 0.807555425 0.7566416671875 0.8163714625 0.80115 0.8258172171875 0.8111645828125 0.8214091984375 0.8567875 0.7968502359375 0.82785625 0.7855165093750001 0.7800083328125 0.7773301890625001 0.7410625 0.7861462265625 0.7444020828125 0.807555425
0 0.8478854171875 0.6646132078125 0.8000375 0.663983490625 0.7922479171875 0.6740577828125 0.8524354171875 0.6872900937499999 0.8667999999999999 0.690430425 0.8712520828124999 0.6753183968750001 0.8478854171875 0.6646132078125
0 0.9979166671874999 0.7370283015625 0.9979166671874999 0.729472878125 0.9979166671874999 0.692319575 0.9979166671874999 0.6784658015625 0.9702854171874999 0.6809846703125 0.9424666671875 0.6853926890625 0.9305604171875 0.6941686328125 0.92355 0.702395046875 0.9435791671875 0.722545990625 0.9979166671874999 0.7370283015625
0 0.8512229171874999 0.616755896875 0.89461875 0.619273584375 0.9279999999999999 0.6129775937499999 0.9702854171874999 0.6029021218749999 0.9747354171874999 0.5846403296875 0.9335645828124999 0.580862028125 0.8923937499999999 0.576454009375 0.8579000000000001 0.5802323109375 0.8211791671875 0.5726757078125 0.7899354171875 0.5860719343749999 0.8067145828125 0.5991238203125 0.8311937500000001 0.6091992921875 0.8512229171874999 0.616755896875
0 0.6375791671875 0.44988325468749996 0.6108729171875 0.4398089625 0.58083125 0.4391792453125 0.5908458328124999 0.4492535375 0.6220020828124999 0.4555507078125 0.6375791671875 0.44988325468749996
0 0.5752666671875 0.4599587265625 0.5399354171875 0.45635495312499996 0.52630625 0.46814504687499997 0.5674770828125 0.46814504687499997 0.5752666671875 0.4599587265625
0 0.2091791671875 0.41965801875000003 0.25034999999999996 0.425325471875 0.29374791718750004 0.42217688750000004 0.33380624999999997 0.42217688750000004 0.38610416718749996 0.40895282968749996 0.3638479171875 0.39069221718749997 0.3438208328125 0.38250589687500003 0.29597291718749996 0.38250589687500003 0.22048958281250003 0.38854834843749997 0.2091791671875 0.397617925 0.1936020828125 0.4102122640625 0.2091791671875 0.41965801875000003
0 0.31043750000000003 0.48136910312500003 0.40056875 0.485777121875 0.4528666671875 0.4757016515625 0.41169583281250005 0.45932900937500004 0.40168125000000005 0.450512971875 0.4061333328125 0.43036320781250004 0.35590625 0.41999410312499996 0.3293541671875 0.4240660375 0.32824166718750003 0.4612181609375 0.31043750000000003 0.48136910312500003
0 0.5596895828124999 0.42343632031249995 0.58861875 0.41336084843750004 0.5730416671875 0.40202594375 0.5363208328125 0.40769339687499995 0.48611458281250003 0.41311556562499996 0.47846041718750004 0.41084198125000004 0.52630625 0.427214621875 0.5596895828124999 0.42343632031249995
0 0.7722187500000001 0.342204009375 0.8122770828125001 0.3428337265625 0.9324520828124999 0.35227948124999997 0.9324520828124999 0.328351415625 0.8979583328125 0.32583254687499996 0.8345312500000001 0.3163867921875 0.7610916671875 0.296865565625 0.7332729171875 0.308200471875 0.7288229171875 0.3233136796875 0.7722187500000001 0.342204009375
0 0.8489979171875 0.3925801890625 0.8189541671875 0.3818761796875 0.7847270828124999 0.383634434375 0.8067145828125 0.3982476421875 0.8300812499999999 0.397617925 0.8489979171875 0.3925801890625
0 0.58194375 0.3730601421875 0.6030854171875 0.36487382031250004 0.5062770828125001 0.355428065625 0.4762333328125 0.3503903296875 0.46176874999999995 0.362354953125 0.4940375 0.36865212187499996 0.52296875 0.36991155625 0.58194375 0.3730601421875
0 0.9925395828125 0.5260778296875 0.9979166671874999 0.5115943390625 0.9869749999999999 0.48199882031249996 0.9624958328125001 0.4738125 0.8941020828124999 0.47011202812499997 0.8912812499999999 0.48136910312500003 0.9224375 0.5027794812499999 0.9925395828125 0.5260778296875
0 0.9079729171875 0.4177688671875 0.8412083328125 0.412101415625 0.7555291671875 0.403285378125 0.7021166671875 0.403285378125 0.6776375 0.4246957546875 0.7256979171875 0.42097759375 0.9858625 0.434141509375 0.9925395828125 0.40580424531250003 0.95248125 0.4114716984375 0.9079729171875 0.4177688671875
0 0.8556729171875 0.4908148578125 0.8434333328125 0.4826285375 0.8200666671875 0.4675153296875 0.7864625000000001 0.4720778296875 0.803375 0.48640683906250004 0.82674375 0.4920742921875 0.8556729171875 0.4908148578125
0 0.9369020828125001 0.5518962265625 0.8990708328125001 0.5298561328125 0.8523354171875 0.52104009375 0.8122770828125001 0.520410378125 0.77778125 0.5241615562499999 0.8156145828125 0.5386721703124999 0.86235 0.546858490625 0.9369020828125001 0.5518962265625