0 0.33671875 0.48828125 0.65234375 0.08046875
0 0.8640625 0.37265625 0.271875 0.0734375
0 0.8515625 0.728125 0.2859375 0.1171875
0 0.1546875 0.6171875 0.278125 0.06640625
0 0.590625 0.9390625 0.1765625 0.0765625
0 0.85390625 0.94375 0.29140625 0.06875
0 0.30703125 0.7265625 0.12421875 0.04296875
0 0.225 0.84375 0.08515625 0.1453125
0 0.5578125 0.565625 0.1203125 0.03671875
0 0.87109375 0.28515625 0.2578125 0.07265625
0 0.50625 0.25859375 0.1109375 0.0328125
0 0.159375 0.35078125 0.1 0.03203125
0 0.31796875 0.31640625 0.07890625 0.0171875
0 0.49765625 0.2109375 0.084375 0.01796875