0 0.3578125 0.56015625 0.0796875 0.03203125
0 0.41328125 0.62578125 0.0875 0.03046875
0 0.4546875 0.58671875 0.03984375 0.040625
0 0.57421875 0.603125 0.059375 0.08359375
0 0.70546875 0.59765625 0.0875 0.06875
0 0.68984375 0.4453125 0.05625 0.03515625
0 0.51953125 0.39765625 0.09140625 0.0421875
0 0.59609375 0.3359375 0.1609375 0.03203125
0 0.7921875 0.3578125 0.084375 0.03671875
0 0.83828125 0.44765625 0.09296875 0.02578125
0 0.91015625 0.6421875 0.09140625 0.01640625
0 0.47734375 0.74921875 0.153125 0.06875
0 0.16875 0.56328125 0.16640625 0.03203125
0 0.3421875 0.49453125 0.05390625 0.021875