0 0.18125 0.73671875 0.33203125 0.090625
0 0.53828125 0.5546875 0.14921875 0.03046875
0 0.85390625 0.5921875 0.19296875 0.0515625
0 0.91875 0.64140625 0.1625 0.03046875
0 0.334375 0.5171875 0.09140625 0.021875
0 0.58359375 0.521875 0.06796875 0.01484375
0 0.82109375 0.49296875 0.03203125 0.021875
0 0.3140625 0.453125 0.08125 0.01640625
0 0.42890625 0.45390625 0.0921875 0.01484375
0 0.36328125 0.43359375 0.12265625 0.01484375
0 0.3921875 0.42109375 0.0828125 0.01171875
0 0.51796875 0.40859375 0.046875 0.01328125
0 0.81484375 0.3984375 0.09375 0.01875
0 0.5921875 0.7765625 0.07578125 0.03828125
0 0.5203125 0.59375 0.05546875 0.046875